[targetinfo]
ra = 150.25273666666666
dec = 31.923670277777777
pmra = -528.871
pmdec = -429.376
px = 66.9958
rv = 57525.799
epoch = 2451545.0

