[targetinfo]
ra = 133.014584905456
dec = 11.7967077639753
pmra = -11.027
pmdec = -3.7599
px = 1.31676
epoch = 2451545.0
rv = 0.0

